# X(mm) Y(mm) Z(mm)
149.283 479.479 95.289
150.931 661.957 95.604
150.471 482.432 95.188
152.284 551.283 95.534
153.163 552.740 95.509
172.702 509.776 95.434
174.734 601.010 94.989
177.662 494.009 94.934
178.181 488.251 94.929
178.404 621.511 95.021
180.201 619.966 94.941
180.408 491.768 95.036
180.650 488.999 94.913
180.650 488.999 94.913
181.470 482.772 95.222
181.463 622.196 94.922
181.121 673.162 94.728
181.121 673.162 94.728
182.615 480.379 95.037
182.824 616.537 94.952
183.093 488.129 94.902
183.538 482.121 95.102
183.538 482.121 95.102
183.943 617.411 94.976
185.306 496.369 94.712
186.683 622.339 94.880
187.626 599.333 94.811
188.939 491.443 94.863
189.061 503.592 94.850
189.244 615.866 94.906
189.244 615.866 94.906
189.421 489.094 94.781
189.624 619.044 94.764
190.174 501.100 94.992
190.787 504.310 94.842
191.079 502.250 94.863
191.084 482.310 94.753
191.871 559.910 95.138
191.801 550.259 94.950
191.767 495.640 94.895
191.964 605.777 94.864
193.217 489.708 94.923
193.217 489.708 94.923
193.274 612.728 94.910
193.042 562.905 94.793
193.214 567.956 94.851
193.632 504.601 94.868
194.124 661.506 94.973
194.270 603.053 94.886
194.927 481.959 95.166
194.927 481.959 95.166
195.014 492.059 94.905
195.014 492.059 94.905
195.196 662.923 94.978
195.433 582.852 94.884
195.433 582.852 94.884
196.102 609.547 94.847
196.556 615.337 94.882
196.587 493.256 94.862
196.806 489.355 94.848
196.806 489.355 94.848
197.796 502.559 94.883
198.158 495.443 94.898
198.543 662.945 94.919
198.714 619.169 94.885
187.445 469.649 89.467
187.445 469.649 89.467
198.793 622.150 94.851
199.181 611.816 94.904
199.260 598.941 94.860
200.085 630.006 95.186
199.690 608.067 94.833
199.738 487.276 94.850
199.738 487.276 94.850
199.948 584.155 94.942
188.514 475.898 89.504
199.829 493.423 94.870
199.829 493.423 94.870
199.783 500.838 94.838
200.199 633.440 95.036
200.054 662.740 94.902
200.196 480.391 94.943
200.922 635.417 95.103
201.054 612.416 94.823
200.915 615.428 94.737
201.010 565.042 94.762
201.382 488.407 94.867
202.078 478.961 94.590
203.973 638.741 94.948
204.227 628.559 94.813
204.443 502.388 94.860
204.443 502.388 94.860
204.250 573.165 94.773
204.250 573.165 94.773
205.571 633.833 94.955
205.808 631.158 95.036
205.646 485.480 94.950
205.646 485.480 94.950
205.759 503.564 94.775
205.759 503.564 94.775
206.181 593.850 94.921
206.386 637.548 94.902
206.667 616.457 94.892
206.612 498.985 94.791
206.612 498.985 94.791
207.470 624.479 95.074
207.722 490.889 94.871
207.722 490.889 94.871
208.355 660.862 95.023
207.000 580.830 94.376
207.000 580.830 94.376
208.898 498.556 94.868
208.782 499.293 94.784
208.734 605.615 94.709
209.030 627.839 94.828
209.286 616.041 94.857
209.283 633.376 94.798
209.308 600.297 94.768
209.558 493.270 94.840
209.135 623.360 94.560
209.135 623.360 94.560
210.011 661.545 94.917
210.011 661.545 94.917
209.946 602.127 94.823
210.395 637.318 94.946
210.232 617.845 94.806
211.119 630.114 95.024
212.462 606.968 95.295
212.462 606.968 95.295
212.017 639.776 94.999
210.642 479.782 94.274
212.581 662.335 94.956
212.146 503.685 94.716
212.599 496.115 94.859
212.587 490.898 94.828
212.812 500.731 94.862
213.573 628.446 95.024
213.197 498.952 94.837
213.559 629.818 94.774
214.464 502.025 94.797
214.464 502.025 94.797
214.443 597.073 94.723
216.859 482.214 95.127
216.817 623.190 95.064
216.313 571.341 94.813
216.571 500.140 94.845
216.571 500.140 94.845
216.710 486.798 94.859
216.721 639.502 94.854
216.838 492.118 94.812
244.481 554.806 106.900
217.015 606.829 94.817
217.436 659.994 94.938
217.436 659.994 94.938
217.073 489.540 94.772
217.369 619.106 94.874
217.432 564.237 94.864
218.942 575.314 95.381
217.714 638.966 94.821
217.886 615.926 94.774
217.658 629.780 94.649
218.608 662.457 94.913
218.387 488.871 94.770
218.605 492.874 94.815
218.605 492.874 94.815
218.846 589.422 94.914
219.586 580.543 95.120
219.586 580.543 95.120
218.907 634.991 94.798
220.083 563.677 94.693
220.554 641.396 94.896
220.643 623.555 94.760
221.367 628.683 95.066
220.963 620.257 94.804
221.128 485.978 94.813
221.128 485.978 94.813
221.519 662.129 94.949
221.326 595.739 94.842
221.385 501.990 94.808
221.385 501.990 94.808
221.385 501.990 94.808
221.781 639.565 94.958
221.934 495.866 94.854
222.237 637.830 94.835
222.883 616.479 94.828
223.192 500.108 94.799
223.415 504.191 94.879
223.516 506.149 94.813
223.516 506.149 94.813
223.872 629.178 94.861
223.872 629.178 94.861
223.872 629.178 94.861
223.738 582.875 94.803
223.738 582.875 94.803
225.202 623.606 94.858
225.300 605.604 94.892
226.032 661.608 94.978
226.369 499.941 94.848
226.797 503.618 94.767
227.400 627.438 94.889
227.399 490.047 94.833
227.816 623.873 94.908
228.258 622.802 95.028
228.152 612.159 94.875
228.152 612.159 94.875
228.313 502.694 94.883
228.313 502.694 94.883
228.292 580.357 94.698
230.826 564.970 95.342
229.442 487.387 94.752
229.745 623.959 94.859
229.715 491.884 94.829
229.832 503.610 94.785
230.012 608.498 94.720
230.684 637.612 94.891
230.788 608.324 94.930
231.049 632.937 94.905
230.983 492.476 94.847
230.920 495.913 94.686
230.920 495.913 94.686
231.801 566.863 94.894
232.307 631.749 94.996
232.943 558.849 95.239
232.416 581.939 94.847
232.414 492.597 94.754
233.089 607.781 95.012
233.169 629.443 94.844
234.322 635.722 95.124
233.954 626.775 94.964
210.189 442.277 85.225
234.046 492.433 94.899
234.094 632.709 94.910
234.094 632.709 94.910
234.127 489.964 94.880
234.459 502.470 94.938
234.341 548.077 94.880
234.404 593.125 94.842
234.994 556.875 94.875
235.545 602.159 94.845
236.825 610.127 94.910
237.040 634.311 94.945
237.040 634.311 94.945
237.708 482.615 95.177
237.589 487.382 94.853
237.625 597.040 94.843
238.233 600.081 94.924
238.784 631.265 95.014
239.125 493.323 94.900
239.611 486.288 94.784
240.543 490.259 94.882
240.543 490.259 94.882
240.778 659.918 94.969
240.778 659.918 94.969
240.754 662.922 94.958
241.031 484.048 94.819
241.031 484.048 94.819
242.352 622.807 95.175
242.352 622.807 95.175
241.870 608.206 94.961
242.145 660.849 95.023
242.145 660.849 95.023
241.636 487.242 94.815
242.612 662.064 95.054
242.612 662.064 95.054
241.903 613.470 94.603
242.945 605.790 94.992
243.510 660.199 95.022
244.644 603.990 95.193
244.743 662.369 95.030
244.497 486.677 94.929
244.326 483.257 94.851
245.022 610.041 95.079
248.275 660.966 95.319
248.275 660.966 95.319
248.510 662.423 95.067
249.631 619.422 95.188
250.119 663.275 95.032
251.046 661.509 95.021
251.193 619.224 95.049
251.193 619.224 95.049
251.537 660.511 95.066
251.537 660.511 95.066
253.240 656.087 95.040
254.684 605.221 94.989
261.064 674.477 95.123
261.064 674.477 95.123
261.321 482.186 95.031
262.896 673.979 95.084
268.759 484.116 95.659
270.673 483.600 95.732
273.954 484.529 95.273
275.665 482.030 95.749
275.974 686.182 95.648
276.463 682.405 95.351
276.999 644.365 95.267
277.108 485.513 95.257
277.142 555.963 95.229
277.205 583.184 95.187
277.389 585.876 95.249
277.389 585.876 95.249
278.091 630.426 95.275
278.091 630.426 95.275
278.044 633.515 95.242
278.288 631.724 95.307
278.528 680.941 95.355
278.990 523.019 95.510
278.789 679.342 95.354
278.557 589.447 95.266
279.101 527.631 95.437
278.564 636.261 95.241
280.915 687.555 95.636
283.479 597.420 96.317
282.349 685.915 95.653
284.208 686.954 96.059
338.828 558.251 109.617
452.699 778.864 111.884
454.346 778.202 111.778
457.860 678.636 111.995
458.644 628.341 111.956
458.973 656.081 111.974
459.557 698.033 111.769
460.353 426.873 111.925
459.255 440.257 111.661
461.245 690.666 111.944
461.245 690.666 111.944
460.877 342.604 111.812
462.441 714.986 112.134
462.738 648.134 112.141
462.242 665.543 111.998
462.221 650.196 111.970
462.122 643.546 111.890
462.645 625.367 111.958
462.499 631.327 111.851
461.609 341.074 111.599
462.821 769.202 111.808
461.657 346.630 111.474
466.800 627.898 111.869
466.800 627.898 111.869
466.001 338.082 111.406
469.150 542.372 112.105
476.755 710.091 113.725
469.370 698.725 111.966
470.925 665.846 112.047
471.680 696.573 112.167
471.274 631.235 112.004
471.168 688.775 111.928
471.513 692.144 112.007
472.004 668.645 112.062
469.343 365.698 111.425
471.961 699.490 112.023
472.351 651.765 112.094
471.380 492.924 111.855
472.708 658.625 112.160
472.398 654.445 112.063
472.948 640.907 112.034
473.235 610.494 112.090
471.739 342.100 111.521
475.140 645.459 112.302
473.299 473.378 111.839
473.570 339.769 111.612
474.042 494.538 111.683
475.971 634.568 112.052
475.245 522.258 111.846
475.337 457.211 111.768
476.498 472.949 111.733
476.498 472.949 111.733
475.057 364.755 111.337
475.057 364.755 111.337
477.318 368.021 111.807
477.631 473.830 111.773
477.390 364.939 111.515
479.950 579.770 112.100
478.982 340.920 111.808
479.564 345.948 111.818
478.379 359.146 111.388
481.651 548.923 112.120
480.460 361.093 111.653
479.586 348.608 111.436
481.956 776.752 111.906
481.825 454.715 111.872
483.742 639.445 112.149
481.685 341.290 111.613
484.132 627.618 112.165
485.298 617.359 112.072
483.497 340.177 111.633
487.354 648.383 112.211
487.707 624.536 112.094
488.682 662.272 112.253
488.682 662.272 112.253
488.641 688.399 112.217
486.588 344.669 111.613
489.337 691.505 112.172
489.891 672.118 112.294
489.462 591.894 112.173
492.594 595.082 112.273
492.594 595.082 112.273
489.300 347.426 111.389
490.973 367.674 111.677
495.310 697.698 112.456
495.039 697.140 112.366
496.983 695.179 112.458
495.678 534.981 112.087
497.622 647.765 112.352
497.787 659.111 112.388
497.787 659.111 112.388
495.512 347.895 111.749
498.041 754.132 112.266
497.779 334.891 112.017
497.044 348.199 111.688
499.867 725.506 112.269
499.880 581.503 112.109
499.817 755.221 112.048
500.869 498.154 112.197
502.011 761.967 112.175
502.086 490.837 112.111
503.405 564.146 112.312
503.405 564.146 112.312
504.305 550.831 112.232
504.400 754.798 112.238
504.400 754.798 112.238
501.534 351.671 111.546
504.759 546.535 112.209
504.434 780.466 112.062
504.683 507.248 112.116
504.067 349.601 111.628
507.319 735.988 112.278
507.770 743.300 112.301
506.228 498.855 111.910
507.910 748.103 112.228
507.152 783.046 111.987
509.104 613.997 112.269
510.523 511.014 112.200
510.171 776.134 112.113
510.171 776.134 112.113
510.293 533.347 112.135
507.378 362.993 111.448
511.590 482.296 112.282
510.808 357.866 111.649
512.692 475.703 112.051
512.910 492.343 112.056
513.573 780.904 112.192
514.171 532.341 112.244
514.003 786.667 112.143
513.795 772.733 112.097
514.572 485.062 112.138
515.756 728.872 112.351
513.405 355.820 111.743
513.300 355.714 111.710
513.752 359.834 111.636
516.296 784.519 112.154
516.397 528.377 112.066
516.397 528.377 112.066
517.463 624.269 112.265
517.215 501.932 112.141
527.949 332.575 114.283
519.806 737.744 112.442
519.806 737.744 112.442
518.036 481.375 112.050
518.281 494.091 112.064
516.596 449.300 111.596
516.870 362.805 111.620
519.988 777.050 112.287
519.808 489.713 112.239
520.060 493.878 112.285
520.888 742.957 112.447
519.674 486.627 112.104
519.674 486.627 112.104
520.283 490.677 112.135
521.110 482.356 112.030
522.891 779.299 112.200
523.923 628.021 112.411
523.923 628.021 112.411
524.270 682.488 112.366
524.270 682.488 112.366
524.832 618.938 112.411
525.040 638.088 112.453
523.795 481.269 112.185
523.795 481.269 112.185
525.483 634.297 112.543
525.212 654.298 112.446
525.519 681.007 112.493
525.455 684.471 112.468
526.446 688.686 112.631
526.446 688.686 112.631
525.500 517.926 112.282
523.525 379.922 111.658
523.525 379.922 111.658
526.367 536.906 112.234
522.913 379.277 111.471
522.913 379.277 111.471
528.211 637.498 112.538
528.211 637.498 112.538
528.642 688.275 112.618
527.081 515.622 112.266
526.387 481.873 112.051
526.523 501.620 112.059
529.195 512.354 112.326
529.195 512.354 112.326
530.957 533.948 112.366
530.980 522.441 112.345
530.837 519.487 112.288
531.229 511.307 112.353
529.667 379.289 111.767
533.802 387.132 112.555
536.079 612.985 112.635
536.079 612.985 112.635
536.569 699.793 112.642
531.984 381.807 111.635
536.130 608.532 112.450
536.832 616.891 112.559
536.832 616.891 112.559
538.637 627.766 112.578
540.519 699.477 112.933
537.914 555.339 112.381
541.025 759.176 112.438
541.025 759.176 112.438
540.942 764.859 112.336
541.189 754.534 112.311
542.218 397.770 112.271
543.038 527.823 112.398
543.632 765.941 112.346
542.869 785.066 112.159
544.295 754.403 112.346
545.798 769.350 112.579
545.005 549.422 112.394
545.847 552.809 112.449
547.132 563.370 112.440
547.288 752.059 112.472
547.288 752.059 112.472
547.128 773.008 112.345
548.704 762.371 112.553
549.087 750.916 112.503
551.334 762.664 112.565
551.441 757.019 112.584
551.517 749.371 112.425
552.135 528.717 112.537
552.230 535.793 112.514
553.032 545.706 112.654
552.044 510.985 112.375
552.399 495.670 112.439
552.950 498.582 112.537
552.588 504.917 112.439
552.478 490.682 112.416
552.270 480.356 112.293
551.288 470.572 112.020
553.680 533.266 112.466
553.801 753.123 112.489
553.382 755.708 112.389
554.748 708.653 112.646
553.864 505.801 112.355
554.430 535.328 112.468
553.569 775.047 112.295
554.148 773.758 112.410
554.297 542.106 112.427
554.318 544.219 112.421
554.318 544.219 112.421
554.143 760.503 112.372
554.450 763.090 112.417
554.092 475.299 112.342
554.533 525.848 112.424
554.755 746.446 112.460
554.547 756.879 112.412
554.127 490.225 112.318
553.966 503.127 112.281
554.510 766.131 112.394
554.510 766.131 112.394
554.609 488.487 112.387
554.609 488.487 112.387
554.816 513.623 112.429
556.028 628.564 112.659
555.546 483.731 112.531
556.273 706.184 112.664
555.398 527.272 112.403
555.069 774.653 112.330
555.069 774.653 112.330
555.757 763.344 112.380
556.566 758.339 112.541
556.187 752.250 112.406
558.119 700.562 112.790
556.401 511.706 112.397
556.409 500.700 112.336
556.851 766.139 112.387
556.851 766.139 112.387
557.158 774.271 112.435
556.672 775.063 112.292
557.703 765.305 112.450
559.425 683.089 112.644
558.073 768.633 112.370
558.997 511.375 112.538
559.423 489.208 112.569
559.686 544.819 112.526
558.839 505.633 112.268
560.683 558.634 112.620
559.498 513.548 112.374
559.938 502.901 112.427
559.691 770.319 112.332
559.977 482.995 112.345
559.977 482.995 112.345
559.915 471.874 112.297
560.971 755.490 112.509
560.454 537.100 112.353
561.801 568.218 112.617
561.383 488.066 112.455
561.383 488.066 112.455
560.868 759.370 112.324
562.185 773.058 112.537
562.185 773.058 112.537
561.489 514.189 112.381
562.657 548.878 112.582
562.125 533.181 112.451
561.745 519.404 112.372
561.745 519.404 112.372
561.692 501.826 112.358
562.568 528.572 112.532
562.665 558.312 112.540
562.665 558.312 112.540
562.238 512.419 112.396
562.420 504.017 112.402
562.874 507.261 112.424
562.513 480.544 112.278
562.121 473.055 112.170
564.761 737.111 112.495
564.993 557.598 112.463
565.858 711.291 112.624
565.858 711.291 112.624
565.721 704.798 112.570
565.721 704.798 112.570
565.297 497.542 112.437
565.297 497.542 112.437
565.357 519.756 112.422
566.462 687.722 112.636
568.563 389.759 113.011
566.976 751.579 112.515
567.190 496.753 112.467
565.006 340.706 111.936
568.609 690.181 112.599
569.796 562.018 112.675
569.352 765.748 112.430
569.352 765.748 112.430
568.834 754.096 112.323
569.367 766.963 112.376
569.810 763.700 112.292
571.787 689.462 112.623
571.885 683.525 112.621
571.885 683.525 112.621
568.716 341.062 111.506
575.810 548.669 112.524
575.810 548.669 112.524
575.543 525.920 112.466
576.174 541.090 112.586
576.174 541.090 112.586
575.995 510.784 112.450
576.030 524.148 112.411
581.934 403.718 112.239
580.885 405.061 111.838
592.960 809.179 113.518
668.190 703.204 98.236
709.082 539.429 99.000
709.082 539.429 99.000
714.752 537.879 98.736
714.752 537.879 98.736
719.531 545.152 98.791
725.739 528.751 98.832
725.739 528.751 98.832
728.796 526.046 98.781
732.264 530.242 98.829
732.264 530.242 98.829
733.780 555.595 99.035
733.687 526.792 98.847
735.747 552.177 98.648
740.234 538.432 98.824
743.710 559.281 99.027
743.710 559.281 99.027
750.018 564.349 98.850
753.887 559.762 99.022
767.895 708.797 98.762
781.589 582.185 99.275
781.104 499.517 98.716
781.104 499.517 98.716
783.820 710.056 98.877
791.215 502.280 99.648
791.215 502.280 99.648
794.199 502.472 99.351
797.164 708.188 98.862
816.988 578.079 99.541
823.235 501.168 99.701
833.284 604.580 99.713
833.284 604.580 99.713
835.433 609.516 99.639
836.731 544.787 99.759
840.185 539.630 99.852
841.629 549.973 99.848
841.629 549.973 99.848
842.987 557.283 99.941
843.685 546.910 99.881
843.685 546.910 99.881
842.255 615.701 99.683
843.754 614.149 99.621
843.754 614.149 99.621
845.067 609.086 99.666
845.364 615.497 99.625
845.364 615.497 99.625
847.142 579.676 99.786
848.250 565.844 99.880
848.250 565.844 99.880
849.183 495.809 99.960
848.039 596.637 99.789
849.970 470.567 99.956
851.782 509.891 99.908
851.631 556.649 99.890
853.442 487.358 100.055
851.779 608.478 99.737
855.296 480.307 100.013
855.700 554.955 100.045
856.088 495.804 100.048
854.936 528.953 99.904
855.312 536.068 99.912
855.313 583.440 99.863
855.313 583.440 99.863
856.858 499.024 100.026
857.233 486.411 100.043
854.127 578.902 99.668
856.807 494.335 99.968
856.479 539.530 99.900
857.408 582.190 99.945
857.212 585.265 99.912
859.756 526.742 100.194
859.756 526.742 100.194
856.563 557.762 99.816
856.563 557.762 99.816
856.382 601.319 99.740
857.734 510.148 99.856
858.606 605.393 99.793
859.712 533.565 99.905
862.092 495.834 100.158
860.680 601.344 99.987
859.946 586.689 99.889
859.946 586.689 99.889
859.946 586.689 99.889
859.962 610.501 99.856
861.679 548.151 99.942
862.379 606.240 99.826
862.276 580.991 99.803
863.617 601.278 99.907
866.234 532.394 100.165
864.925 588.261 99.981
864.925 588.261 99.981
862.680 571.931 99.717
865.740 584.412 99.982
822.131 512.645 94.925
866.107 510.745 100.000
866.107 510.745 100.000
867.258 543.833 100.014
871.590 524.961 100.368
868.369 536.808 99.987
868.169 565.639 99.899
868.169 565.639 99.899
869.676 558.657 99.991
870.784 557.658 100.036
871.633 502.104 100.120
871.633 502.104 100.120
869.995 526.001 99.832
868.289 715.958 99.584
871.389 556.188 99.748
870.221 714.143 99.571
874.840 530.216 100.085
874.840 530.216 100.085
874.205 529.739 99.995
874.205 529.739 99.995
880.266 718.102 99.353
882.540 713.308 99.133
882.054 712.018 98.538
890.048 710.849 99.054
895.382 711.231 99.106
898.976 712.581 99.305
898.976 712.581 99.305
900.455 708.924 99.405
903.434 597.194 99.650
902.052 708.293 99.433
903.381 673.275 99.504
902.397 709.346 99.294
907.232 673.481 99.654
902.728 713.284 99.048
906.299 667.846 99.429
909.010 371.090 99.619
911.192 666.667 99.762
914.045 664.573 99.882
910.157 675.848 99.454
913.363 604.559 99.726
910.116 715.789 99.363
916.910 600.451 99.783
